
tic
Boys_Table = [1 0.333333333333333 0.200000000000000 0.142857142857143 0.111111111111111 0.0909090909090909 0.0769230769230769 0.0666666666666667 0.0588235294117647 0.0526315789473684 0.0476190476190476 0.0434782608695652 0.0400000000000000 0.0370370370370370 0.0344827586206897 0.0322580645161290 0.0303030303030303 0.0285714285714286 0.0270270270270270 0.0256410256410256 0.0243902439024390;0.855624391892149 0.249093732179515 0.140750536825913 0.0972220244169302 0.0740235112058776 0.0596809411402654 0.0499596928302853 0.0429453470810750 0.0376495465034909 0.0335116308467137 0.0301903263749237 0.0274661941607644 0.0251918059849460 0.0232644899110134 0.0216105678847310 0.0201758089445645 0.0189194175688668 0.0178101200599757 0.0168235423865115 0.0159404085882905 0.0151452752306940;0.746824132812427 0.189472345820492 0.100268798145017 0.0667322747768223 0.0496232411331567 0.0393648645134842 0.0325670342384418 0.0277460019641501 0.0241552941454042 0.0213802796502143 0.0191729360913146 0.0173761083730825 0.0158855257047271 0.0146293507233682 0.0135565141797496 0.0126297350206479 0.0118211722343218 0.0111096212805898 0.0104786518246015 0.00991533816940701 0.00940937371771593;0.663350945840335 0.146740261897302 0.0723635418478251 0.0462291830302318 0.0334913736877309 0.0260974010137162 0.0213137503341495 0.0179828647318378 0.0155376036097121 0.0136697004055585 0.0121980491857270 0.0110096242506120 0.0100303992052156 0.00920993999398625 0.00851273989640010 0.00791309894905733 0.00739196909078260 0.00693493994913226 0.00653091269039964 0.00617120313211939 0.00584892066807598;0.598144006661304 0.115702180856173 0.0529428148329765 0.0323446977320674 0.0227694002219648 0.0173973296902676 0.0140088358390828 0.0116948956678658 0.0100220379453437 0.00875984045855732 0.00777542136899415 0.00698714137806607 0.00634224211472671 0.00580519240788870 0.00535122794409560 0.00496258178553979 0.00462618802878017 0.00433223042828336 0.00407319543832617 0.00384323699536413 0.00363773989564746;0.546291971785148 0.0928413946322498 0.0392878370545701 0.0228708373297904 0.0156021725369268 0.0116669108416884 0.00925020412693483 0.00763353100525078 0.00648359329097259 0.00562721746452701 0.00496642664042289 0.00444199216499641 0.00401616423420372 0.00366382144623872 0.00336763608490939 0.00311528956769457 0.00289779559492676 0.00270845120173681 0.00254215868737792 0.00239497456181700 0.00226380185739293;0.504343560231439 0.0757594153105958 0.0295818629273206 0.0163537077114565 0.0107814809353886 0.00787437667510556 0.00613851250971620 0.00500226570974110 0.00420781954637541 0.00362431065341969 0.00317913900785169 0.00282914179950360 0.00254719883678649 0.00231548375863304 0.00212183218587140 0.00195767750373435 0.00181682237465015 0.00169467833259858 0.00158777887884766 0.00149345835824993 0.00140963460064730;0.469847035201624 0.0628070931113293 0.0226034137016671 0.0118313835837167 0.00751747166624261 0.00535140879626643 0.00409544476237317 0.00329191406979038 0.00274018966064818 0.00234083440124293 0.00203978145732816 0.00180543245451042 0.00161822329020301 0.00146545697610809 0.00133856499037144 0.00123157161406474 0.00114019094481268 0.00106127396521428 0.000992457908597312 0.000931937027968868 0.000878308666923930;0.441040695381211 0.0528406320615596 0.0175257821619931 0.00866415899015390 0.00529168425529289 0.00366368992611272 0.00274811878731323 0.00217623816829222 0.00179099170445614 0.00151640251087752 0.00131200110224233 0.00115454803229435 0.00102987073175448 0.000928891175640959 0.000845552856696470 0.000775674244432915 0.000716282836085788 0.000665211837762116 0.000620846929117473 0.000581962186076562 0.000547610796031467;0.416643481580516 0.0450593872269193 0.0137854627936128 0.00642425749220243 0.00376231176746386 0.00252797881877027 0.00185541894091452 0.00144571663262738 0.00117519477235204 0.000985479399082480 0.000846123560480537 0.000739955359094334 0.000656664080103039 0.000589733940481512 0.000534868872750961 0.000489133419059490 0.000450459939177994 0.000417353494959060 0.000388708420591645 0.000363690558183173 0.000341659470100165;0.395712309610514 0.0388974362611428 0.0109954361784343 0.00482392338930860 0.00270295167260747 0.00175886180543818 0.00126095328607345 0.000965444571986940 0.000774372158071864 0.000642637968813621 0.000547217440837332 0.000475361925849852 0.000419537729546111 0.000375049623956730 0.000338839284774627 0.000308839225937861 0.000283606900498827 0.000262108071737588 0.000243583551173010 0.000227464439431595 0.000213316613874672;0.377544129437629 0.0339506689090150 0.00888774866259827 0.00366836107950248 0.00196288691982303 0.00123447371272211 0.000862949036498100 0.000648324185091930 0.000512553757992262 0.000420603858854945 0.000354972898161807 0.000306150856630354 0.000268608933094007 0.000238950171716918 0.000214989381626613 0.000195265511700696 0.000178769038568866 0.000164782439482596 0.000152783085766071 0.000142382066807322 0.000133284469729228;0.361608147353659 0.0299274495980827 0.00727529971813181 0.00282481220116606 0.00144124443595800 0.000874370645579639 0.000594943743725806 0.000437959707647426 0.000340886953170420 0.000276360502269232 0.000231008113870754 0.000197701517884955 0.000172365227890635 0.000152531543383292 0.000136633291223546 0.000123634439068036 0.000112826286203563 0.000103709605670937 9.59236684847026e-05 8.92019631056370e-05 8.33436987044584e-05;0.347498522569045 0.0266150064135436 0.00602627538828103 0.00220214905757135 0.00107012340077091 0.000625205493381589 0.000413370864170762 0.000297721695480179 0.000227875864555778 0.000182342346497743 0.000150851183883042 0.000128033512966639 0.000110871661942701 9.75655658146122e-05 8.69870064628434e-05 7.83987688034513e-05 7.13017415330330e-05 6.53475598163480e-05 6.02865692765080e-05 5.59356823271718e-05 5.21578782909336e-05;0.334901058176559 0.0238563697293575 0.00504694480160842 0.00173734586017769 0.000803538503977806 0.000451426040731839 0.000289557463035408 0.000203740360993270 0.000153158817810324 0.000120844138372928 9.88683331093655e-05 8.31680735530115e-05 7.14988375831963e-05 6.25420695732419e-05 5.54824223516445e-05 4.97934487602258e-05 4.51224961437492e-05 4.12257433706581e-05 3.79299323156084e-05 3.51089664373570e-05 3.26691232501719e-05;0.323569527678179 0.0215344295538687 0.00427001361943056 0.00138646558180033 0.000610144980163632 0.000329214696754990 0.000204551819610470 0.000140405952319219 0.000103533660976030 8.04658577629783e-05 6.50511284899170e-05 5.41992885426948e-05 4.62332844222766e-05 4.01831826939386e-05 3.54574375059008e-05 3.16787545015522e-05 2.85971346266858e-05 2.60414048355203e-05 2.38909866063583e-05 2.20588089524949e-05 2.04806119332980e-05;0.313308687321307 0.0195608265433378 0.00364668856263193 0.00111862376157857 0.000468431481446718 0.000242526294069872 0.000145770412929130 9.74720462610110e-05 7.04136291257908e-05 5.38480667022458e-05 4.29781649650099e-05 3.54424272726685e-05 2.99820749605539e-05 2.58805778819584e-05 2.27070609318980e-05 2.01901336951578e-05 1.81519697904614e-05 1.64720234489197e-05 1.50661370506048e-05 1.38740276856167e-05 1.28515282397837e-05;0.303961965192900 0.0178681468719935 0.00314123366158646 0.000911923525818922 0.000363529194807166 0.000180487904956109 0.000104817563853326 6.81858800636823e-05 4.81952842320347e-05 3.62265566431733e-05 2.85197768946852e-05 2.32615850457497e-05 1.95028286495059e-05 1.67119027780590e-05 1.45737062351147e-05 1.28923006945694e-05 1.15407619130004e-05 1.04339278893159e-05 9.51288865384764e-06 8.73579477539525e-06 8.07221336645711e-06;0.295402449419840 0.0164043910897641 0.00272720908140031 0.000750701977939715 0.000285083557860629 0.000135685678703277 7.60629256471870e-05 4.80782349625973e-05 3.32090955751267e-05 2.45080455939152e-05 1.90135034554283e-05 1.53263204709620e-05 1.27275314858581e-05 1.08210268366540e-05 9.37544002794335e-06 8.24877537353753e-06 7.35012402738803e-06 6.61912715650701e-06 6.01442479950365e-06 5.50688408305308e-06 